CASIA 1
    true_positives: 707
    true_negatives: 761
    false_positives: 214
    false_negatives: 29
    accuracy: 0.8579777907656342
    precision: 0.7676438653637351
    recall: 0.9605978260869565